1634
1608
1597
1624
1604
1617
1616
1605
1617
1598
1595
1603
1603
1604
1602
1597
1622
1592
1607
1596
1614
1597
1604
1611
1621
1598
1604
1601
1634
1623
1634
1639
1643
1662
1640
1655
1667
1662
1672
1649
1639
1623
1649
1659
1672
1693
1654
1678
1655
1673
1633
1667
1666
1670
1669
1649
1710
1677
1694
1686
1680
1696
1683
1692
1697
1705
1717
1740
1753
1753
1745
1692
1726
1744
1825
1804
1774
1744
1703
1731
1775
1797
1841
1825
1792
1763
1737
1712
1666
1681
1682
1730
1734
1725
1705
1707
1708
1709
1686
1692
1745
1792
1851
1869
1841
1792
1778
1741
1764
1731
1751
1680
1714
1744
1726
1748
1807
1845
1878
1892
1942
2003
1988
1904
1937
1840
1815
1715
1705
1722
1653.21
1667.14
1691.79
1720.71
1738
1760
1759
1798
1913
2009
1981
2000
2030
2007
1977
2109
2221
2221
2019
1875
1799
1764
1734
1838
1900
2042
2259
2463
2390
2054
1885
1780
1750
1825
1858
1836
1772
1748
1793
1862
1967
2186
2309
2208
1965
1859
1847
1917
2026
2417
2863
2925
2358
1887
1737
1722
1741
1751
1737
1738
1761
1724
1699
1715
1680
1697
1706
1701
1716
1679
1722
1746
1747
1705
1733
1726
1733
1792
1770
1748
1764
1762
1762
1777
1845
1926.43
1977
1910
1813
1757
1752
1701
1719
1714
1700
1695
1686
1721
1774
1747
1720
1726
1718
1729
1697.14
1698
1748
1775
1808
1797
1796
1769
1747
1754
1769
1786
1803
1816
1850
1828
1815
1832
1889
1886
1803
1744
1755
1717
1700
1711
1697
1724
1710
1737
1745
1755
1742
1747
1748
1781
1801
1802
1792
1770
1766
1736
1750
1769
1801
1817
1855
1812.86
1848.21
1867
1831
1841
1802
1781
1767
1724
1705
1733
1801
1786
1788
1750
1776
1778.57
1803
1763
1709
1704
1723
1737
1810
1789
1852
1900
1870
1863
1799
1772
1808
1777
1738
1729
1768
1830
1966
1991
1856
1768
1789
1740
1720
1711
1709
1729
1789
1771
1770
1739
1685
1683
1733
1750.71
1742
1732
1733
1744
1776
1822
1824
1821
1748
1790
1782
1771
1742
1764
1778
1809
1806
1774
1791
1758
1783
1828
1872
1890
1882
1828
1831
1794
1796
1752
1737
1718
1729
1726
1795
1845
1893
1916
1886
1781
1772
1725
1791
1835
1925
1891
1927
2021
1907
1813
1769
1756
1821
1861
1902
1931
1850
1822
1793
1772
1835
1922
1982
2017
2223
2388
2277
2094
2178
2248
2039
1859
1736
1712
1699
1694
1708
1748
1775
1805
1745
1741
1762
1843
1967
2147
2141
1964
1834
1761
1751
1760
1791
1859
1868.57
2022.86
2171.79
2013
1803
1747
1734
1730
1712
1718
1710
1713
1698
1725
1742
1761
1731
1787
1831
2010
2331
2509
2308
1938
1759
1745
1739
1724
1736
1723
1680
1682
1696
1737
1739
1782
1745
1727
1710
1721
1698
1710
1698
1726
1734
1747
1741
1789
1785
1820
1780
1788
1776
1744
1728
1773
1716.43
1710
1702
1698
1663
1711
1679
1718
1729
1722
1703
1728
1784
1874
1860
1820
1912
2027
2092
1937
1758
1712
1667
1666
1688
1734
1767
1768
1837
1796
1722
1710
1686
1672
1692
1681
1670
1711
1724
1713
1680
1678
1714
1776
1797
1799
1838
1834
1750
1719
1671
1695
1691
1692
1686
1687
1738
1790
1858
1932
1947
1849
1713
1687
1705
1712
1695
1708
1698
1732
1735
1731
1752
1775
1779
1724
1697
1675
1721
1721
1704
1701
1748
1811
1818
1781
1785
1787
1747
1725
1696
1712
1709
1713
1723
1716
1690
1698
1690
1729
1737
1738
1742
1709
1696
1732
1743
1746
1672
1714
1742
1747
1701.43
1676.79
1678.93
1753
1710
1759
1743
1700
1682
1653
1659
1711
1743
1817
1825
1754
1779
1826
1822
1768
1722
1713
1713
1693
1690
1665
1676
1663
1695
1725
1761
1827
1837
1820
1696
1664
1675
1652
1641
1659
1671
1670
1671
1684
1694
1722
1787
1816
1829
1861
1826.79
1788
1733
1757
1792
1780
1762
1693
1677
1721
1719
1714
1743
1728
1655
1687
1669
1675
1688
1692
1722
1674
1627
1646
1686
1702
1692
1673
1713
1773
1787
1717
1684
1674
1731
1738
1718
1688
1718
1672
1680
1709
1786
1802
1724
1679
1645
1632
1652
1672
1688
1688
1653
1657
1662
1669
1694
1752
1746
1706
1681
1657
1670
1661
1656
1645
1665
1659
1645
1683
1716
1646.79
1651.07
1657.5
1667.14
1652.14
1642.5
1687
1655
1637
1664
1688
1738
1721
1678
1656
1681
1708
1693
1696
1693
1663
1692
1728
1741
1774
1729
1696
1697
1667
1660
1665
1689
1676
1669
1675
1643
1705
1708
1682
1679
1667
1681
1686
1664
1682
1670
1644
1670
1691
1739
1737
1785
1782
1733
1749
1750
1746
1755
1729
1762
1718
1683
1699
1699
1715
1670
1648
1644
1653
1675
1648
1673
1675
1676
1662
1673
1651
1657
1672
1651
1669
1674
1665
1665
1658
1654
1659
1663
1672
1667
1663
1677
1714
1747
1710
1732
1735
1717
1676
1658
1708
1642.5
1750
1745
1746
1741
1737
1746
1759
1760
1734
1724
1682
1699
1684
1697
1685
1683
1756
1807
1716
1774
1790
1784
1776
1742
1690
1707
1711
1732
1709
1715
1681
1703
1691
1706.79
1720.71
1697.14
1706
1675
1665
1668
1680
1681
1706
1721
1703
1671
1703
1746
1713
1732
1749
1845
1790
1681
1667
1667
1732
1847
1897
1788
1756
1746
1708
1711
1696
1718
1692
1679
1679
1705
1756
1763
1804.29
1936.07
2108
2022
1855
1777
1720
1750.71
1686.43
1691.79
1731
1717
1733
1757
1722
1702
1696
1705
1704
1706
1672
1721
1787
1874
1864
1929
1917
1774
1722
1678
1699
1687
1709
1728
1768
1801
1885
2046
2265
2070
1777
1675
1665
1702
1696
1685
1656
1654
1677
1705
1744
1716
1696
1719
1712
1724
1713
1746
1705
1736
1750
1771
1758
1730
1783
1781
1807
1916
2110
2235
2157
2087
1930
1800
1816
1750
1750
1754
1725
1726
1718
1711
1680
1695
1726
1689
1695
1736
1787
1789
1887
2029
1953
1772
1691
1687
1709
1762
1776
1732
1717
1735
1713
1675
1702
1678
1699
1698
1703
1721
1759
1779
1824
1765.71
1777
1793
1791.43
1902.86
2245.71
2588.57
2559
2486
2806
2556
2029
1753
1684
1704
1717
1726
1794
1892
1929
1833
1786
1799
1798
1770
1811
1821
1810
1779
1765
1698
1713
1707
1731
1730
1744
1742
1697
1708
1707
1742
1741
1728
1669
1665
1716
1688
1712
1689
1735
1746
1773
1761
1746
1737
1746
1765.71
1783.93
1716.43
1716.43
1736
1698
1727
1790
1873
1853
1761
1715
1721
1713
1740
1759
1811
1813
1806
1771
1838
2048
2172
1949
1781
1728
1702
1698
1745
1748
1729
1739
1750
1732
1746
1776
1797
1781
1801
1737
1712
1710
1762
1717
1731
1738
1769
1783
1738
1749
1779
1838
1776.43
1715.36
1720.71
1797.86
1780.71
1787
1804
1881
1885
1802
1823
1772
1767
1732
1801
1892
2003
2145
2315
2140
1811
1748
1705
1724
1783
1827
1846
1831
1846
1746
1730
1752
1777
1762
1790
1985
2090.36
1988.08
1857.86
1830
1848
1809
1783
1722
1711
1738
1725
1809
1767.86
1771.07
1782.86
1719
1721
1731
1725
1734
1743
1744
1731
1761
1760
1762
1747
1688
1719
1725
1741
1742
1733
1722
1758
1744
1744
1725
1719
1750
1761
1754
1737
1740
1745
1711
1756
1777
1805
1840
1870
1914
1869
1815
1747
1722
1736
1754
1816
1860
1830
1777
1744
1748
1724
1757
1731.43
1736.79
1754
1743
1788
1846
1756
1719
1724
1733
1749
1785
1793
1817
1832
1781
1787
1765
1778
1851
1917
1885
1792
1724
1746
1775
1785
1760
1753
1757
1784
1816
1794
1818
1882
2042
2269
2188
1865
1751
1766
1794
1813
1799
1805
1896
2028
2210
2475
2725
2511
2198
2184
2010
1882
1877
1909
2178
3166
6819
11685
7852.5
2991
1877
1806
1833
1842
1854
1806
1779
1778
1742
1779
1886
1888
1854
1900
1932
1995
1860
1823
1859
2014
2044
1938
1887
1827
1858
1923
1897
1849
1806
1824
1877
1856
1833
1895
2088
2155
1977
1818
1746
1733
1702
1745
1780
1874
1964
1898
1806
1831
1801
1821
1887
2094
2429
2693
2708
2469
2113
2019
2117
2088
2001
1878
1839
1867
1966
2140
2760
3988.93
3774.64
2334
1825
1781
1734
1735
1738
1815
1877
1958
1873
1822
1826
1828
1852
1872
1865
1825
1910
2033
2196
2114
1864
1769
1756
1779
1740
1727
1740
1781
1764
1799
1856
1827
1783
1762
1786
1883
2050
2230
2314.29
2282.14
2108
2142
2368
2152
1936
2064
2207
2082
2000
1956
1909
1836
1850
1837
1861
1931
1880
1760
1757
1779
1939
2283
2571
2339
1910
1828
1917
2059
1974
1990
2188
2585
2305
1900
1754
1756
1737
1758
1762
1747
1734
1772
1769
1788
1822
1918
2203
2749
2817
2191
1848.21
1757.14
1772
1783
1798
1748
1754
1748
1740
1742
1762
1732
1706
1753
1820
1915
1936
1882
1787
1804
1857
1872.86
1855.71
1833.21
1740
1731
1744
1751
1807
1818
1811
1811
1810
1813
1832
1850
1827
1765
1769
1780
1837
1850
1822
1766
1788
1831
1903
1879
1825
1860
1876
1832
1738
1765
1727
1758
1753
1734
1739
1762
1817
1842
1894
1802
1786
1755
1711
1720
1742
1767
1748
1742
1757
1720
1758
1769
1828
1787
1811
1797
1770
1772
1799
1780
1731
1717
1759
1756
1821
1909
2243
2812
3317
2843
2140
1940
1783
1761
1781
1765
1743
1768
1756
1796
1837
1830
1840
1830
1807
1768
1814
1886
1862
1818
1779
1781
1823
1823.57
1791.43
1782
1730
1731
1743
1735
1745
1747
1726
1768
1811
1824
1768
1773
1743
1705
1754
1771
1761
1799
1857
2003
2304
2507
2345
1897
1767
1805
1807
1736
1715
1725
1749
1746
1736
1745
1711
1711
1713
1737
1724
1779
1886
2227
2607
2305
1934
1851
1865
1852
1818
1767
1750
1756
1755
1748
1716
1716
1724
1759
1813
1797
1815
1815
1827
1795.71
1790
1764
1791
1727
1801
1783
1817
1810
1739
1733
1757
1721
1707
1692
1690
1736
1838
1961
1925
1798
1769
1802
1794
1787
1732
1772
1738
1755
1790
1881
1837
1784
1788
1869
1950
1818
1749
1742
1770
1755
1814
1802
1818
1999
2042.14
1986.43
1874
1860
1870
1854
1803
1754
1745
1761
1802
1858
1966
2022
1845
1811
1793
1801
1797
1761
1766
1788
1844
1976
2076
1936
1798
1793
1763
1768
1882
1960
1978
1879
1743
1757
1747
1786
1785
1753
1725
1728
1734
1748
1752
1730
1731
1732
1728
1757
1739
1741
1776
1791
1825
1863
1999
2141
1944
1778
1730
1745
1754
1768
1775
1764
1693
1750
1800
1800
1757
1714
1712
1762
1755
1756
1805
1817
1819
1783
1775
1776
1749
1700
1715
1767
1796
1740
1709
1755
1787
1772
1730
1738
1733
1756
1757
1747
1736
1786
1910
2042
2104
1873
1732
1770
1711.07
1805
1929
1935
2047.5
2164
1983
1833
1828
1779
1776
1766
1781
1826
1874
1819
1798
1962
2266
2466
2072
1804
1770
1774
1771
1774
1764
1757
1753
1737
1775
1763
1800
1756
1709
1716
1730
1747
1749
1828
2001
2554
4196
4764
2656
1826.79
1721.79
1742.14
1758
1735
1737
1730
1760
1733
1723
1747
1706.79
1728.21
1730
1740
1701
1719
1775
1743
1726
1734
1741
1753
1758
1732
1787
1771
1743
1746
1774
1779
1775
1774
1768
1813
1906
1861
1755
1780
1750
1749
1738
1738
1703
1762
1750
1757
1739
1756
1824
1819
1752
1727
1725
1708
1725
1745
1732
1721
1728
1730
1729
1704
1750
1796
1823
1872
1938
1824
1752
1747
1742
1813
1880
1881
1881
1799
1782
1896
1990
1915
1831
1842
1838
1788
1736
1706
1717
1711
1738
1741
1772
1791
1803
1827
1859
1790
1776
1759
1756
1752
1775
1791
1783
1799
1771
1766
1775
1748
1751
1761
1830
2117
2514
2370
1891
1775
1750
1804
1833
1837
1931
2008
1828
1760
1718
1746
1759
1808
1869
1876
1795
1727
1761
1792
1851
1881
1857
1924
1981
1894
1779
1800
1816
1821
1824
1875
2035
2141
1939
1769
1735
1750
1778
1830
1832
1850
2029
2453
2551
2058.21
1988.57
2108
2070
1807
1703
1692
1719
1757
1783
1916
1949
1841
1815
1788.21
1822.5
1858
2077
2210
1958
1790
1839
1840
1898
1861
1741
1709
1728
1693
1766
1749
1790
1833
1934
1922
1790
1744
1719
1728
1790
1801
1759
1755
1761
1778
1802
1870
1782
1712
1721
1697
1718
1708
1715
1765
1762
1778
1713
1703
1717
1717
1692
1668
1718
1739
1717
1685
1709
1703
1621
